10000100 00001000 00000000 00000100
10000100 00000011 00000000 00000000
01111000 00000000 00000000 00011001
01100000 01101000 00000000 00001111
00000001 00000011 01001000 00100010
10000100 00000100 00000000 00000000
10000100 00000101 00000000 00000000
01100000 10001001 00000000 00001001
00000000 00000100 00101000 10000100
01000100 10100001 00000000 00000000
01000100 10100010 00000000 00000100
00000000 01000001 00110000 00000010
01100000 11000000 00000000 00000010
01000000 10100001 00000000 00000100
01000000 10100010 00000000 00000000
10000100 10000100 00000000 00000001
01110000 00000000 00000000 00000111
10000100 01100011 00000000 00000001
01110000 00000000 00000000 00000011
01000100 00000111 00000000 00000000
01000100 00000111 00000000 00000100
01000100 00000111 00000000 00001000
01000100 00000111 00000000 00001100
01000100 00000111 00000000 00010000
11111100 00000000 00000000 00000000
00100100 00000111 00000000 00000011
01000000 00000111 00000000 00000000
00100100 00000111 00000000 00000100
01000000 00000111 00000000 00000100
00100100 00000111 00000000 00000101
01000000 00000111 00000000 00001000
00100100 00000111 00000000 00000110
01000000 00000111 00000000 00001100
00100100 00000111 00000000 00000010
01000000 00000111 00000000 00010000
01110111 11100000 00000000 00000000
